0
0.02273
0.04048
0.056575
0.072345
0.087625
0.10235
0.116395
0.12976
0.14307
0.156135
0.169285
0.181965
0.194355
0.206695
0.21908
0.231405
0.24348
0.25527
0.26712
0.2792
0.2917
0.304025
0.31625
0.32847
0.34096
0.35376
0.36668
0.379265
0.391615
0.403855
0.41623
0.4286
0.440875
0.45314
0.465315
0.47735
0.48925
0.501055
0.512885
0.525005
0.537615
0.55013
0.56256
0.575005
0.58777
0.60064
0.613315
0.62577
0.63829
0.650555
0.66312
0.675645
0.687985
0.700225
0.712435
0.724445
0.736295
0.748105
0.75996
0.77214
0.784905
0.797625
0.810225
0.82268
0.835485
0.848385
0.861075
0.873515
0.88616
0.89863
0.91133
0.92413
0.9366
0.948895
0.961
0.9731
0.984985
0.99685
1.008845
1.021165
1.034015
1.04694
1.0597
1.072045
1.0846
1.097465
1.110405
1.1232
1.13583
1.14845
1.161215
1.17392
1.18621
1.19836
1.21049
1.22266
1.23464
1.24652
1.25855
1.270895
1.28381
1.29665
1.30912
1.321305
1.33371
1.34647
1.35934
1.372355
1.385405
1.39826
1.4109
1.423325
1.435485
1.44757
1.459685
1.471815
1.483855
1.495895
1.50798
1.520285
1.532995
1.545445
1.557895
1.570255
1.58298
1.59594
1.60898
1.621865
1.634735
1.647375
1.660055
1.672575
1.684915
1.69728
1.709695
1.7222
1.73459
1.746955
1.7594
1.771895
1.78461
1.797095
1.809685
1.822365
1.83543
1.84864
1.86168
1.87453
1.88746
1.90024
1.913085
1.92568
1.93814
1.95068
1.96324
1.975875
1.98823
2.000435
2.01277
2.02527
2.03805
2.05048
2.062825
2.07528
2.088045
2.101165
2.114355
2.127515
2.140385
2.1531
2.165975
2.178705
2.1912
2.203735
2.216315
2.228975
2.241485
2.253785
2.26615
2.278835
2.29194
2.304895
2.31764
2.33042
2.343525
2.356785
2.369785
2.38239
2.395075
2.40753
2.420235
2.43303
2.445675
2.458395
2.470955
2.48316
2.495305
2.50746
2.519555
2.532065
2.545075
2.55774
2.57029
2.582655
2.59541
2.608385
2.62132
2.63411
2.646985
2.65968
2.67267
2.68553
2.698125
2.710615
2.72302
2.73543
2.747695
2.75995
2.772335
2.78508
2.798325
2.811135
2.82381
2.83632
2.849175
2.86229
2.875195
2.887905
2.900855
2.9136
2.92662
2.93962
2.952155
2.96465
2.977355
2.99265
3.011685
3.0373
3.07277
3.12333
3.190815
