0
0.472943247
0.605633803
0.667909289
0.681674065
0.703534031
0.730050934
0.765396938
0.804339693
0.807663411
0.822809032
0.817490494
0.847791798
0.86763519
0.871150729
0.867985466
0.872210953
0.890269151
0.911789652
0.907172996
0.889900662
0.86
0.872210953
0.879345603
0.879705401
0.860688551
0.83984375
0.832043344
0.854191498
0.870445344
0.878267974
0.868686869
0.869037995
0.875763747
0.876477782
0.882956879
0.893228085
0.903361345
0.910631089
0.908706678
0.886963696
0.852498017
0.858969237
0.864843121
0.863800723
0.842146494
0.835275835
0.848126233
0.863107186
0.858626198
0.876477782
0.855551134
0.858283433
0.871150729
0.878267974
0.88042588
0.895087427
0.907172996
0.910245555
0.906790384
0.882594417
0.842146494
0.845125786
0.853174603
0.863107186
0.839515814
0.833333333
0.847123719
0.86414791
0.850138395
0.862068966
0.846456693
0.83984375
0.862068966
0.874339162
0.888062784
0.888429752
0.904501472
0.906026127
0.896206753
0.872564935
0.836575875
0.83172147
0.842476489
0.870797894
0.856232577
0.835600466
0.830757342
0.840171942
0.85114806
0.851822504
0.842146494
0.846123573
0.874694874
0.884773663
0.886232481
0.883319638
0.897328881
0.904882155
0.893599335
0.870797894
0.832365467
0.837227414
0.862068966
0.882232253
0.866586054
0.842476489
0.835275835
0.825970035
0.823754789
0.836250486
0.850474684
0.865191147
0.884046053
0.889532478
0.887329757
0.886232481
0.892857143
0.892857143
0.889532478
0.873628606
0.845790716
0.863453815
0.863453815
0.8697411
0.844793713
0.829475309
0.824386503
0.834303454
0.835275835
0.850474684
0.847791798
0.858626198
0.871150729
0.869389406
0.865888039
0.859656138
0.86763519
0.869389406
0.863800723
0.860344138
0.84545812
0.86103324
0.853852264
0.847791798
0.822809032
0.813777441
0.824386503
0.836575875
0.831399845
0.841158059
0.836901518
0.853513299
0.862760835
0.857256778
0.85589172
0.850811239
0.87009308
0.880786563
0.871503851
0.86
0.841158059
0.864843121
0.870797894
0.863107186
0.842146494
0.819359756
0.815011372
0.816869301
0.835275835
0.84545812
0.834951456
0.844461901
0.860344138
0.857598724
0.854531002
0.849131122
0.85931255
0.87398374
0.869389406
0.847457627
0.820297596
0.829795446
0.843468027
0.841158059
0.820297596
0.810708899
0.826923077
0.852836176
0.847457627
0.863107186
0.846123573
0.840171942
0.850138395
0.845125786
0.85589172
0.880786563
0.885137917
0.884409708
0.888797024
0.85931255
0.826287471
0.848795894
0.856573705
0.869389406
0.842806742
0.828516378
0.831078469
0.840500391
0.834951456
0.846790075
0.827559661
0.83592535
0.853513299
0.860688551
0.866586054
0.866236906
0.876477782
0.877192982
0.867985466
0.843468027
0.811627029
0.839188134
0.848126233
0.85931255
0.836250486
0.819672131
0.833010461
0.845790716
0.83011583
0.843468027
0.825652842
0.826923077
0.857598724
0.860344138
0.846123573
0.702844067
0.564749146
0.419675971
0.303073019
0.212618671
0.159294658
